83
NULL 0 Common 0
Joined 7 0,255,0,255,0,0,0,0,0,0 Latin 1 0 1 Joined	# Joined [4a 6f 69 6e 65 64 ]a
|Broken|0|1 15 0,255,0,255,0,0,0,0,0,0 Common 2 10 2 |Broken|0|1	# Broken
~ 0 0,255,0,255,0,0,0,0,0,0 Common 3 10 3 ~	# ~ [7e ]
W 5 0,255,0,255,0,0,0,0,0,0 Latin 9 0 4 W	# W [57 ]A
e 3 0,255,0,255,0,0,0,0,0,0 Latin 36 0 5 e	# e [65 ]a
t 3 0,255,0,255,0,0,0,0,0,0 Latin 19 0 6 t	# t [74 ]a
A 5 0,255,0,255,0,0,0,0,0,0 Latin 16 0 7 A	# A [41 ]A
y 3 0,255,0,255,0,0,0,0,0,0 Latin 32 0 8 y	# y [79 ]a
w 3 0,255,0,255,0,0,0,0,0,0 Latin 4 0 9 w	# w [77 ]a
l 3 0,255,0,255,0,0,0,0,0,0 Latin 12 0 10 l	# l [6c ]a
4 8 0,255,0,255,0,0,0,0,0,0 Common 11 2 11 4	# 4 [34 ]0
L 5 0,255,0,255,0,0,0,0,0,0 Latin 10 0 12 L	# L [4c ]A
u 3 0,255,0,255,0,0,0,0,0,0 Latin 24 0 13 u	# u [75 ]a
x 3 0,255,0,255,0,0,0,0,0,0 Latin 39 0 14 x	# x [78 ]a
1 8 0,255,0,255,0,0,0,0,0,0 Common 15 2 15 1	# 1 [31 ]0
a 3 0,255,0,255,0,0,0,0,0,0 Latin 7 0 16 a	# a [61 ]a
N 5 0,255,0,255,0,0,0,0,0,0 Latin 35 0 17 N	# N [4e ]A
. 16 0,255,0,255,0,0,0,0,0,0 Common 18 6 18 .	# . [2e ]p
T 5 0,255,0,255,0,0,0,0,0,0 Latin 6 0 19 T	# T [54 ]A
g 3 0,255,0,255,0,0,0,0,0,0 Latin 31 0 20 g	# g [67 ]a
b 3 0,255,0,255,0,0,0,0,0,0 Latin 38 0 21 b	# b [62 ]a
h 3 0,255,0,255,0,0,0,0,0,0 Latin 28 0 22 h	# h [68 ]a
F 5 0,255,0,255,0,0,0,0,0,0 Latin 66 0 23 F	# F [46 ]A
U 5 0,255,0,255,0,0,0,0,0,0 Latin 13 0 24 U	# U [55 ]A
o 3 0,255,0,255,0,0,0,0,0,0 Latin 54 0 25 o	# o [6f ]a
p 3 0,255,0,255,0,0,0,0,0,0 Latin 51 0 26 p	# p [70 ]a
7 8 0,255,0,255,0,0,0,0,0,0 Common 27 2 27 7	# 7 [37 ]0
H 5 0,255,0,255,0,0,0,0,0,0 Latin 22 0 28 H	# H [48 ]A
R 5 0,255,0,255,0,0,0,0,0,0 Latin 67 0 29 R	# R [52 ]A
, 16 0,255,0,255,0,0,0,0,0,0 Common 30 6 30 ,	# , [2c ]p
G 5 0,255,0,255,0,0,0,0,0,0 Latin 20 0 31 G	# G [47 ]A
Y 5 0,255,0,255,0,0,0,0,0,0 Latin 8 0 32 Y	# Y [59 ]A
D 5 0,255,0,255,0,0,0,0,0,0 Latin 42 0 33 D	# D [44 ]A
S 5 0,255,0,255,0,0,0,0,0,0 Latin 50 0 34 S	# S [53 ]A
n 3 0,255,0,255,0,0,0,0,0,0 Latin 17 0 35 n	# n [6e ]a
E 5 0,255,0,255,0,0,0,0,0,0 Latin 5 0 36 E	# E [45 ]A
M 5 0,255,0,255,0,0,0,0,0,0 Latin 41 0 37 M	# M [4d ]A
B 5 0,255,0,255,0,0,0,0,0,0 Latin 21 0 38 B	# B [42 ]A
X 5 0,255,0,255,0,0,0,0,0,0 Latin 14 0 39 X	# X [58 ]A
V 5 0,255,0,255,0,0,0,0,0,0 Latin 69 0 40 V	# V [56 ]A
m 3 0,255,0,255,0,0,0,0,0,0 Latin 37 0 41 m	# m [6d ]a
d 3 0,255,0,255,0,0,0,0,0,0 Latin 33 0 42 d	# d [64 ]a
- 16 0,255,0,255,0,0,0,0,0,0 Common 43 3 43 -	# - [2d ]p
® 0 0,255,0,255,0,0,0,0,0,0 Common 44 10 44 ®	# ® [ae ]
> 0 0,255,0,255,0,0,0,0,0,0 Common 45 10 0 >	# > [3e ]
+ 0 0,255,0,255,0,0,0,0,0,0 Common 46 3 46 +	# + [2b ]
; 16 0,255,0,255,0,0,0,0,0,0 Common 47 10 47 ;	# ; [3b ]p
c 3 0,255,0,255,0,0,0,0,0,0 Latin 48 0 48 c	# c [63 ]a
K 5 0,255,0,255,0,0,0,0,0,0 Latin 65 0 49 K	# K [4b ]A
s 3 0,255,0,255,0,0,0,0,0,0 Latin 34 0 50 s	# s [73 ]a
P 5 0,255,0,255,0,0,0,0,0,0 Latin 26 0 51 P	# P [50 ]A
“ 16 0,255,0,255,0,0,0,0,0,0 Common 52 10 52 "	# “ [201c ]p
" 16 0,255,0,255,0,0,0,0,0,0 Common 53 10 53 "	# " [22 ]p
O 5 0,255,0,255,0,0,0,0,0,0 Latin 25 0 54 O	# O [4f ]A
5 8 0,255,0,255,0,0,0,0,0,0 Common 55 2 55 5	# 5 [35 ]0
\ 16 0,255,0,255,0,0,0,0,0,0 Common 56 10 56 \	# \ [5c ]p
% 16 0,255,0,255,0,0,0,0,0,0 Common 57 4 57 %	# % [25 ]p
) 16 0,255,0,255,0,0,0,0,0,0 Common 58 10 82 )	# ) [29 ]p
2 8 0,255,0,255,0,0,0,0,0,0 Common 59 2 59 2	# 2 [32 ]0
I 5 0,255,0,255,0,0,0,0,0,0 Latin 62 0 60 I	# I [49 ]A
9 8 0,255,0,255,0,0,0,0,0,0 Common 61 2 61 9	# 9 [39 ]0
i 3 0,255,0,255,0,0,0,0,0,0 Latin 60 0 62 i	# i [69 ]a
} 16 0,255,0,255,0,0,0,0,0,0 Common 63 10 0 }	# } [7d ]p
Z 5 0,255,0,255,0,0,0,0,0,0 Latin 64 0 64 Z	# Z [5a ]A
k 3 0,255,0,255,0,0,0,0,0,0 Latin 49 0 65 k	# k [6b ]a
f 3 0,255,0,255,0,0,0,0,0,0 Latin 23 0 66 f	# f [66 ]a
r 3 0,255,0,255,0,0,0,0,0,0 Latin 29 0 67 r	# r [72 ]a
¢ 0 0,255,0,255,0,0,0,0,0,0 Common 68 4 68 ¢	# ¢ [a2 ]
v 3 0,255,0,255,0,0,0,0,0,0 Latin 40 0 69 v	# v [76 ]a
q 3 0,255,0,255,0,0,0,0,0,0 Latin 70 0 70 q	# q [71 ]a
| 0 0,255,0,255,0,0,0,0,0,0 Common 71 10 71 |	# | [7c ]
J 5 0,255,0,255,0,0,0,0,0,0 Latin 72 0 72 J	# J [4a ]A
» 16 0,255,0,255,0,0,0,0,0,0 Common 73 10 0 »	# » [bb ]p
[ 16 0,255,0,255,0,0,0,0,0,0 Common 74 10 0 [	# [ [5b ]p
3 8 0,255,0,255,0,0,0,0,0,0 Common 75 2 75 3	# 3 [33 ]0
# 16 0,255,0,255,0,0,0,0,0,0 Common 76 4 76 #	# # [23 ]p
6 8 0,255,0,255,0,0,0,0,0,0 Common 77 2 77 6	# 6 [36 ]0
0 8 0,255,0,255,0,0,0,0,0,0 Common 78 2 78 0	# 0 [30 ]0
© 0 0,255,0,255,0,0,0,0,0,0 Common 79 10 79 ©	# © [a9 ]
— 16 0,255,0,255,0,0,0,0,0,0 Common 80 10 80 -	# — [2014 ]p
? 16 0,255,0,255,0,0,0,0,0,0 Common 81 10 81 ?	# ? [3f ]p
( 16 0,255,0,255,0,0,0,0,0,0 Common 82 10 58 (	# ( [28 ]p
